q1_init=pi/2+0.001;
q1_d_init=0.0001;
q2_init=0.007;
q2_d_init=0.02;