Kp1 =-416.5000


Ki1 =-67.8000


Kd1 = -214.2000


Kp2 = -369


Ki2 = 351.9000


Kd2 = -145.7000
