Kp1 =-885.5000;


Ki1 =-449.8000;


Kd1 =-315.3000;


Kp2 =-732.2000;


Ki2 =-137.3000;


Kd2 =-203.3000;


J = 2.0270;
