K1=5;K2=2;K3=-7.3;
K4=32;K5=-20;