K1=20; K2=40; K3=0.1; K4=0.4;
K5=0.9; K6=0.125; K7=0.02; K8=0.5;
Kp1= -236.7253; Kd1= -24.7728;
Kp2= -239.1236; Kd2= -18.1740;